nsamples	PRI.E.t	PRI.Psi	PRI.cv	PRI.div.model	PRI.model	PRI.omega	PRI.t.1	PRI.t.2	PRI.t.3	prob_psi_1	prob_psi_2	prob_psi_3
200000	0.017569582578	2.244	0.26006625369	2.312	1.0	0.00178828051499	0.0176490299921	0.020629390483	0.0144303272588	0.136	0.484	0.38
400000	0.0175333136189	2.24	0.248487575716	2.357	1.0	0.00162560268641	0.0174420178112	0.0206093993116	0.014548523734	0.135	0.49	0.375
600000	0.0174669611823	2.28	0.250669486779	2.288	1.0	0.00164264142344	0.0173280062127	0.0206520013953	0.0144208759388	0.126	0.468	0.406
800000	0.0174873984118	2.269	0.251519827368	2.335	1.0	0.00164569886362	0.017350292073	0.0206731937485	0.0144387094141	0.127	0.477	0.396
1000000	0.017453083614	2.266	0.24635000168	2.349	1.0	0.00158968283719	0.0173042615956	0.0205962422446	0.0144587470017	0.131	0.472	0.397
1200000	0.0173757128541	2.265	0.244148210878	2.326	1.0	0.00155173469359	0.0172772430292	0.0204527751091	0.014397120424	0.128	0.479	0.393
1400000	0.0173864927652	2.267	0.244486573692	2.321	1.0	0.00155488884403	0.0172088557815	0.020514066786	0.0144365557282	0.125	0.483	0.392
1600000	0.0174599599594	2.259	0.24197740172	2.332	1.0	0.00154332765712	0.0173035970752	0.0205958583051	0.0144804244978	0.125	0.491	0.384
1800000	0.0173196769281	2.266	0.245394624802	2.342	1.0	0.00156897248337	0.0170843497442	0.0205694439513	0.0143052370889	0.118	0.498	0.384
2000000	0.017248643005	2.261	0.246007745614	2.336	1.0	0.00156224535273	0.0170741398193	0.0204901668498	0.0141816223459	0.125	0.489	0.386
2200000	0.0171744427048	2.265	0.247486144799	2.334	1.0	0.00156460667434	0.0170480098248	0.0203725907371	0.0141027275527	0.124	0.487	0.389
2400000	0.0171393975759	2.265	0.247434830278	2.336	1.0	0.00155477981172	0.0170338899515	0.0203244560535	0.0140598467227	0.123	0.489	0.388
2600000	0.017174475889	2.271	0.248278892759	2.329	1.0	0.00155991712847	0.0170623742782	0.0203733685375	0.0140876848515	0.118	0.493	0.389
2800000	0.0171493306456	2.27	0.24675107773	2.332	1.0	0.00154310732636	0.0169933557427	0.0203321901892	0.0141224460048	0.122	0.486	0.392
3000000	0.0171078313984	2.284	0.248216526464	2.299	1.0	0.00154649500517	0.0168899858417	0.0203544049329	0.0140791034204	0.118	0.48	0.402
3200000	0.0171063667359	2.28	0.246235175237	2.292	1.0	0.00152476561596	0.0169186323445	0.0203315104863	0.014068957377	0.12	0.48	0.4
3400000	0.017121278348	2.278	0.242996652957	2.278	1.0	0.00148913265424	0.0168824123167	0.0203439767944	0.014137445933	0.125	0.472	0.403
3600000	0.0170288883625	2.29	0.245080883438	2.277	1.0	0.0014943260937	0.0167656083157	0.020229877854	0.0140911789176	0.119	0.472	0.409
3800000	0.0170351526024	2.293	0.244310232329	2.264	1.0	0.00148540515091	0.0167659066908	0.0202281015076	0.0141114496088	0.12	0.467	0.413
4000000	0.0169841025619	2.293	0.244709453658	2.275	1.0	0.00148360893699	0.0166671644863	0.0201794315211	0.0141057116784	0.121	0.465	0.414
4200000	0.0169666949653	2.294	0.243178345986	2.282	1.0	0.00146793244498	0.016648606835	0.0201670051922	0.0140844728687	0.122	0.462	0.416
4400000	0.0169454741797	2.29	0.241114703142	2.276	1.0	0.00145454580554	0.0166265553523	0.0201178918017	0.014091975385	0.125	0.46	0.415
4600000	0.0168892858792	2.3	0.243130374387	2.266	1.0	0.00145948555015	0.0165283626109	0.0200883675897	0.0140511274371	0.121	0.458	0.421
4800000	0.0167522271068	2.301	0.244001698188	2.258	1.0	0.00144991409217	0.0163899049021	0.0199442797566	0.0139224966616	0.122	0.455	0.423
5000000	0.0167807804911	2.288	0.241406949148	2.273	1.0	0.00144192195644	0.0164200889722	0.0199638890495	0.0139583634517	0.13	0.452	0.418
5200000	0.0167476006248	2.281	0.240859009269	2.284	1.0	0.00143796639306	0.0164257858744	0.0199149061047	0.0139021098955	0.133	0.453	0.414
5400000	0.0167276682414	2.283	0.239779757976	2.278	1.0	0.00142639187338	0.016404301842	0.019891960293	0.0138867425893	0.131	0.455	0.414
5600000	0.0167156743041	2.286	0.242694704653	2.276	1.0	0.00145538573677	0.0164033787313	0.0199335841459	0.013810060035	0.13	0.454	0.416
5800000	0.0166906942149	2.288	0.241760669505	2.269	1.0	0.00143829281361	0.0164046942196	0.0198912383741	0.0137761500509	0.129	0.454	0.417
6000000	0.0166814229651	2.284	0.241374554149	2.273	1.0	0.00143238608285	0.0163961404639	0.0198706076719	0.0137775207594	0.128	0.46	0.412
6200000	0.0167078652443	2.282	0.240182705257	2.284	1.0	0.00142068392475	0.0163776566352	0.0198963345684	0.0138496045293	0.128	0.462	0.41
6400000	0.0167409099214	2.282	0.238310849385	2.286	1.0	0.00140018833625	0.0164247391303	0.0198947642243	0.0139032264095	0.128	0.462	0.41
6600000	0.0167437328508	2.283	0.237336156044	2.277	1.0	0.00138466062885	0.016399412091	0.0198894012175	0.013942385244	0.125	0.467	0.408
6800000	0.0167100140084	2.283	0.236956763613	2.277	1.0	0.00137950210471	0.0163921201863	0.0198419179212	0.0138960039176	0.126	0.465	0.409
7000000	0.0167028763424	2.282	0.235726862022	2.276	1.0	0.00137190044518	0.0163766655479	0.0198522070837	0.0138797563955	0.125	0.468	0.407
7200000	0.0167069652966	2.276	0.234564572952	2.283	1.0	0.00136928014906	0.0163935826148	0.019845910312	0.013881402963	0.128	0.468	0.404
7400000	0.016705635473	2.273	0.232951199113	2.291	1.0	0.00135294842061	0.0164057475121	0.0198175275917	0.0138936313153	0.13	0.467	0.403
7600000	0.0167274489194	2.276	0.231766610843	2.286	1.0	0.00134278886449	0.0163897362165	0.0198433816091	0.0139492289326	0.131	0.462	0.407
7800000	0.0167148820616	2.279	0.232458324912	2.273	1.0	0.00134984780645	0.0163717944533	0.0198795719269	0.0138932798046	0.13	0.461	0.409
8000000	0.0167067623684	2.281	0.233656332545	2.269	1.0	0.00135285473318	0.0163335940093	0.0198847119916	0.0139019811042	0.127	0.465	0.408
8200000	0.0166538566875	2.28	0.23445495605	2.27	1.0	0.00135522728022	0.0162799073806	0.0198470925586	0.0138345701233	0.127	0.466	0.407
8400000	0.0166484507315	2.288	0.237119862968	2.247	1.0	0.00138252368451	0.0162325667699	0.0199102651629	0.0138025202616	0.127	0.458	0.415
8600000	0.016659236938	2.283	0.237710992969	2.255	1.0	0.00139413196079	0.0162647970018	0.0199246878674	0.0137882259447	0.129	0.459	0.412
8800000	0.0166364395499	2.284	0.23916515992	2.258	1.0	0.00140786088658	0.016241845668	0.0199185186649	0.0137489543168	0.129	0.458	0.413
9000000	0.0166693303592	2.284	0.238827373639	2.253	1.0	0.00140614115235	0.0162632666553	0.019974103217	0.0137706212052	0.128	0.46	0.412
9200000	0.0166799810086	2.283	0.237616567841	2.262	1.0	0.00139138146872	0.0162955187558	0.0199491381746	0.0137952860953	0.127	0.463	0.41
9400000	0.0166663833552	2.278	0.237791197699	2.271	1.0	0.00139713782298	0.016307570536	0.0199268502784	0.0137647292513	0.128	0.466	0.406
9600000	0.0166598465848	2.279	0.2383609694	2.271	1.0	0.00140137013039	0.0163434652758	0.0199176668169	0.0137184076615	0.127	0.467	0.406
9800000	0.0166666003614	2.276	0.238527281664	2.277	1.0	0.00140629062658	0.0163181513709	0.0199411491698	0.0137405005435	0.126	0.472	0.402
10000000	0.0166576121752	2.278	0.238892299237	2.275	1.0	0.00140783120262	0.0163198702173	0.0199289289727	0.0137240373355	0.124	0.474	0.402
